26850
28476
01422
73353
38286
25736
77998
57475
65714
72962
56868
84738
96398
19846
41521
54985
44813
03495
48352
87130
37630
85797
64893
90236
73173
08210
26347
32408
59240
50382
35134
12795
98844
14533
98408
82174
51358
74362
61377
45172
04692
86270
84229
83389
24922
34416
60393
34875
04059
68227
35355
53915
76225
84637
48302
98901
63598
20503
74815
46624
54951
19032
02901
29337
82933
38684
61975
08945
05149
59744
81602
69746
16725
38307
81470
98696
65891
98142
14220
73060
80890
23277
40011
68726
12765
90007
12183
43206
03887
97855
52564
26571
37419
17238
41766
11674
88683
16406
41705
06547
21634
95555
77729
60959
83067
10020
96063
27204
39118
29289
11782
46064
71415
22366
86795
19261
02089
49917
03839
65754
56297
57161
64344
77802
69932
65313
19703
74583
80929
05826
31816
87059
87635
09347
10270
52191
56209
54701
57085
99461
19285
26774
87872
53771
78650
99721
89283
73295
44853
31598
93149
34958
05819
94232
44759
72994
17438
21145
64680
45277
65505
15030
55239
50892
82070
00516
82289
39606
51173
50848
72106
32639
12291
68831
10804
75977
20693
05963
43379
01224
91926
88021
73303
52939
64337
88097
43491
14654
58661
13510
34781
93790
20833
57348
39339
74692
37003
36249
79483
67228
67376
34148
74489
47337
42410
85957
46488
60270
06027
22490
42866
47646
60376
41722
39042
65221
97225
36937
49548
95728
79661
09855
52143
90004
17565
95790
19453
12150
18541
45052
12990
00264
32964
74475
03501
16794
01617
05350
45338
12177
02700
86654
84484
96331
39043
51589
87085
63674
06205
45612
99776
87522
91798
48567
42591
56201
86387
33337
47658
29864
35674
29321
22503
04293
44838
50124
95355
18875
96844
39015
86131
13317
45547
55198
43033
13869
76786
87589
06524
72884
15759
21232
84471
86425
51857
08941
09768
56601
62422
97672
77957
47445
96894
65087
34667
35030
14128
18626
09987
46802
56736
78320
98512
59412
43281
18460
22504
26939
90007
06276
63523
69741
80195
22976
38989
38950
38783
52280
39432
44737
23737
23722
82501
90598
79167
99397
10630
76712
70393
97598
78360
67814
76603
15700
49116
16732
69197
76389
54345
30283
18887
33989
40418
10063
71203
63512
68166
43209
87854
87701
90142
61489
97519
68899
58155
97806
77595
55412
51356
44535
13599
11289
92547
55695
91152
05685
31044
41490
21986
67228
39498
33064
26456
12479
67275
92790
67565
67497
55706
06827
95519
52755
20185
13733
50607
22134
16042
63501
09632
42238
74822
19428
77866
32762
44122
74160
99497
20601
12684
68498
93603
95394
02751
30032
49544
91735
69208
29475
20577
19572
72569
91152
77704
22333
32769
03961
22552
29286
95625
89452
54456
77607
21391
92197
02715
20572
36235
94510
81763
97150
84903
21835
68390
14364
30149
64434
64031
50533
07234
74387
53498
30729
38352
09498
69089
03162
40510
03606
47665
23445
65795
99275
73246
43775
42167
40615
77466
26914
04270
33185
68773
90996
64335
64982
63233
02022
19849
40449
59955
29543
44618
05639
98765
44375
51141
78446
68575
23516
81463
53336
05950
09452
76548
00423
28640
03699
52456
45243
59680
71652
56395
30195
00916
65816
19876
46525
37047
60803
64121
26242
30239
20279
21377
52219
38885
68966
15631
18716
02741
42071
55143
09469
79502
24411
04380
54550
86426
11752
05856
13185
25522
61837
47451
32485
64022
70917
21025
44183
80636
41964
39815
46992
06600
78348
72725
63460
49477
44065
18611
07133
61866
33487
24103
08025
04759
64172
90538
13029
10725
96095
74525
13586
31294
54025
35927
25489
55482
95268
79684
12985
31259
85625
87343
93143
28301
05642
57440
21007
70591
02326
23737
02673
04509
16486
38564
62536
12542
81825
94458
51974
99549
13097
56446
25601
52807
53168
98832
51596
06463
11174
15390
97698
05104
01090
30134
17493
92785
84682
01945
36327
59534
76365
84687
69315
54703
70792
16768
51225
06079
47900
61393
56890
00540
17542
78216
92087
58578
55853
38214
98552
15116
72233
58765
80043
27479
31511
39316
94929
23434
94092
29134
92470
78555
77616
40155
93746
22875
10648
69081
90776
16462
46588
46960
73137
99077
29718
15451
25804
34610
24195
52472
51409
31756
16894
75927
42104
89289
55368
22244
92345
89880
32604
12473
78876
69345
97231
18070
71903
62432
74776
24433
74066
82805
35156
55734
25230
34404
34071
00215
40990
12932
60226
51240
88355
28323
10769
54619
91737
30802
28183
80904
37583
06929
62622
22397
26461
83926
37824
60653
62789
80008
01609
98052
55753
83905
93346
43035
07320
16908
24269
47656
27152
85239
72408
14099
95350
77434
29997
83834
65586
96479
83080
67672
22493
61628
55432
39961
91086
19415
63625
14963
23862
68360
11660
38030
43604
64820
80546
71416
39782
33781
51992
38534
87213
78731
57346
30553
33629
79372
92406
82035
68638
96456
85140
65005
61811
13499
34109
45764
76868
94454
25373
44088
52042
39393
29759
95225
08393
69416
90196
17740
56183
37346
78819
91436
11780
31295
46641
96486
87373
99608
96033
08034
51214
74349
77100
80614
89537
39840
04273
63822
87345
32838
88112
99380
26902
11913
69951
68861
13324
12030
03869
77080
27639
68913
86094
87752
90629
99928
48996
42345
39999
33116
65837
86321
96765
13828
96240
15432
31729
99803
50175
74293
75881
97727
06543
30682
11102
08544
09913
46393
69883
60320
76077
53177
82206
94282
51287
84948
32280
76378
69128
12775
21896
69685
91177
72135
30362
71972
92340
97622
66096
32284
47007
36692
38942
71858
98117
75995
84121
01619
73008
66238
64878
72524
91169
63576
15317
06669
40667
66124
27069
49108
42328
86141
15157
55880
70674
17945
20732
99834
17690
37631
86755
85901
66767
28828
47061
22743
34808
96201
59729
75969
43187
26052
15683
18743
00448
99294
51990
